1
11
16
2
12
2
20
20
10
6
13
20
18
15
16
18
18
5
2
10
9
13
1
2
19
17
16
11
17
8
7
16
19
11
10
14
20
13
18
12
1
16
14
20
15
20
11
5
7
16
10
1
5
5
4
13
8
12
11
1
19
7
18
19
11
17
1
2
14
5
12
11
8
12
15
5
13
10
6
13
1
8
14
5
2
17
18
18
12
3
18
4
10
3
15
11
16
1
3
15
6
4
6
18
7
9
8
7
20
2
10
18
3
15
12
11
10
19
13
19
9
16
3
2
20
4
1
16
5
6
15
17
12
18
5
20
20
10
10
13
10
14
7
12
4
13
12
20
17
10
6
16
15
6
18
2
9
15
2
11
4
6
20
19
19
2
12
12
15
20
13
19
16
5
13
6
13
4
2
7
16
17
3
15
14
13
8
6
18
19
20
17
3
8
11
8
20
14
5
18
5
3
18
1
9
18
8
3
19
7
6
10
20
17
6
12
17
9
16
11
6
18
19
11
6
10
12
2
17
10
7
12
8
13
6
3
18
14
7
9
13
13
14
20
7
1
17
10
8
2
10
3
7
11
17
16
9
6
5
17
11
15
17
10
1
16
14
10
5
19
7
6
13
6
18
6
4
19
7
13
17
5
7
17
10
8
1
15
2
1
17
3
12
16
16
3
9
4
11
6
8
11
2
12
10
14
3
14
6
13
16
2
19
9
14
13
17
13
11
11
3
14
14
14
13
5
15
8
17
18
20
9
8
11
1
2
11
18
3
18
15
11
14
20
5
2
13
2
20
7
18
16
19
8
13
10
12
13
2
20
14
17
17
1
5
12
15
20
12
2
18
13
8
8
9
17
15
16
10
5
18
13
8
10
7
2
17
2
12
4
7
8
13
13
11
1
2
20
20
15
15
9
4
3
2
2
18
16
13
1
2
18
3
4
16
14
13
1
14
2
3
6
2
18
8
11
2
13
2
10
12
15
16
11
1
12
8
4
2
5
17
3
6
9
12
5
2
6
1
12
6
13
15
18
9
6
17
19
10
17
2
3
4
18
11
3
5
13
3
16
10
2
18
4
11
15
20
7
2
20
20
5
8
11
5
13
3
14
2
4
20
3
11
18
10
1
1
19
15
3
15
19
20
11
3
18
9
3
19
9
1
11
14
9
20
6
3
11
1
15
7
11
6
6
14
7
10
12
11
2
1
7
1
9
10
16
3
15
10
4
3
9
12
15
3
18
18
16
15
15
9
18
3
11
14
6
15
9
19
20
19
11
18
12
16
14
7
17
12
18
4
16
6
19
1
1
17
20
19
7
2
11
7
4
10
2
13
9
13
4
7
15
16
8
11
9
16
11
14
8
17
11
12
5
11
8
15
10
2
11
3
5
5
9
2
11
17
1
8
13
14
18
12
20
11
10
18
9
9
11
11
16
17
10
19
15
17
10
13
9
12
10
15
14
17
11
19
18
4
12
4
20
5
18
6
8
13
13
10
15
3
2
6
15
15
10
12
3
3
3
15
11
15
4
7
19
16
14
1
5
17
14
1
5
18
4
7
4
5
18
6
14
11
14
9
13
14
10
20
12
20
20
2
17
14
10
19
3
19
2
16
12
6
10
9
20
13
16
19
7
3
11
9
1
1
16
12
14
4
17
19
18
11
19
3
12
5
10
2
11
16
20
6
11
13
10
7
6
14
5
20
4
13
20
10
13
2
17
7
17
12
1
11
20
10
11
13
8
20
11
8
3
1
9
17
10
7
15
3
10
2
4
2
10
17
7
14
3
10
12
9
4
11
3
17
17
3
11
20
13
3
18
17
8
10
10
2
18
5
3
6
17
1
19
12
17
5
5
1
4
14
6
5
13
20
18
4
20
5
2
6
10
11
18
17
1
10
1
1
1
9
17
10
19
9
3
17
2
11
5
7
18
2
1
6
19
1
2
17
13
17
20
11
16
8
15
1
13
6
19
20
3
1
12
19
12
11
13
18
15
16
2
2
9
19
3
6
9
10
12
11
3
5
19
13
6
16
20
3
14
1
12
8
5
6
6
4
4
19
11
6
16
15
13
18
5
12
4
12
4
15
17
6
5
13
1
7
18
4
5
6
17
19
20
5
13
5
3
15
18
2
10
9
6
20
16
17
20
15
14
3
13
11
4
18
4
4
5
2
17
18
10
9
7
16
10
9
3
19
15
1
16
1
18
14
12
13
7
11
16
3
6
6
14
15
12
6
9
2
14
20
13
13
7
13
7
7
4
1
4
10
