9
17
14
10
12
17
9
7
19
16
12
12
10
15
19
7
17
13
15
2
3
13
14
6
18
15
10
8
12
12
19
12
3
4
8
19
17
14
16
13
20
11
7
10
2
5
4
11
5
19
17
19
8
5
13
18
6
8
19
1
19
12
20
6
4
17
14
3
9
7
16
14
12
20
9
20
18
5
5
9
19
3
18
10
6
13
15
5
3
18
18
8
1
3
13
3
16
14
18
16
5
8
8
6
4
18
3
7
19
6
8
4
17
5
1
9
7
13
15
4
4
4
10
12
9
6
4
8
8
13
7
3
20
13
17
17
7
2
14
13
3
16
9
4
5
7
19
4
19
2
17
10
2
6
4
6
15
9
1
20
6
12
20
16
11
9
6
1
2
12
18
7
20
19
4
11
12
2
8
9
11
16
19
11
5
4
14
4
14
6
11
1
6
15
3
6
7
13
14
15
13
1
18
4
5
12
6
10
1
18
16
1
11
9
13
13
16
19
1
2
12
7
2
3
5
9
19
6
1
17
6
3
10
8
16
8
1
8
14
9
6
16
11
18
20
1
12
9
12
14
15
15
19
5
11
8
18
9
14
11
1
18
19
8
3
7
19
9
20
4
4
8
19
20
13
4
19
7
6
7
17
14
17
7
2
19
20
12
2
2
12
3
8
19
7
20
9
11
11
2
1
19
7
6
12
8
18
16
7
19
18
13
9
3
12
19
6
12
7
10
20
7
2
18
11
9
4
18
12
20
10
6
12
2
17
10
13
16
3
11
8
7
15
11
18
16
3
19
13
4
17
3
9
8
16
3
14
11
12
19
20
15
20
7
5
1
19
18
16
9
8
15
8
17
10
4
5
6
1
1
1
2
3
18
6
14
2
15
13
15
7
20
12
6
17
4
12
18
14
10
19
8
19
2
4
6
9
17
2
17
16
12
5
7
1
19
1
18
2
18
12
14
2
10
4
19
13
7
17
16
15
20
9
4
18
5
19
1
15
7
4
16
16
8
9
12
3
6
7
16
3
6
1
1
16
10
9
12
15
17
14
5
8
3
14
16
2
15
1
14
14
14
18
5
1
11
1
20
4
20
7
8
18
15
8
16
15
10
18
11
4
11
9
19
20
6
9
17
12
5
13
7
5
11
3
7
14
19
14
17
19
20
8
17
9
19
20
2
6
13
7
13
12
3
16
6
15
3
3
11
20
11
8
7
11
11
6
10
18
15
14
3
6
8
18
7
11
19
14
2
19
13
16
2
9
2
13
20
6
4
4
1
17
3
5
5
8
1
20
13
7
4
18
7
3
1
6
16
11
18
20
8
12
1
3
11
12
1
3
18
12
20
13
17
6
10
9
10
15
16
13
4
19
12
15
3
1
16
