11
2
3
12
15
10
11
5
3
10
20
17
12
3
18
16
4
17
9
13
16
3
2
4
8
8
15
11
4
9
5
2
11
14
2
10
4
4
18
19
19
3
6
18
12
11
3
8
10
5
20
8
9
10
2
11
19
6
8
14
6
12
1
8
14
9
19
19
14
6
14
10
6
10
8
19
18
9
7
6
16
1
13
4
2
19
9
4
10
2
12
13
6
12
6
5
1
11
13
11
13
9
9
7
20
14
3
15
19
16
17
9
4
4
20
11
1
11
11
5
6
13
9
6
17
15
16
3
2
11
5
8
1
17
19
7
7
12
20
9
6
5
19
14
14
13
1
13
12
1
12
5
7
4
1
11
2
9
19
19
1
1
20
10
14
3
13
5
5
17
10
10
3
4
9
6
13
18
14
16
20
8
19
10
20
7
12
15
15
3
18
9
2
7
15
14
19
17
11
17
3
15
13
2
8
10
18
13
9
20
2
10
8
7
2
8
14
14
10
9
7
20
17
8
7
12
16
8
14
15
18
16
18
11
8
10
5
14
11
15
8
12
8
13
3
1
9
8
8
6
18
18
12
16
2
11
11
1
2
20
1
15
11
10
11
12
10
17
9
12
7
9
1
7
1
10
18
5
10
2
9
10
14
12
16
2
10
13
13
20
3
20
20
4
14
15
17
10
20
15